EXE,OCM,OCE,OCS,TER,TET,TEA,TEE,TAR,TAT,TAA,TAE
0,0.1701,0.4296,0.6324,0.0000,0.0000,99.7909,0.0000,0.0000,0.0000,5.6250,0.0000
1,0.1731,0.4207,0.6362,10.8617,0.0000,102.1789,0.0000,1.0292,0.0000,5.5202,0.0000
2,0.1702,0.4164,0.6152,0.0000,0.0000,92.4802,0.0000,0.0000,0.0000,5.1082,0.0000
3,0.1625,0.4059,0.6184,0.0000,0.0000,111.1267,0.0000,0.0000,0.0000,6.1622,0.0000
4,0.1581,0.4230,0.6184,0.0000,29.1910,0.0000,0.0000,0.0000,1.8719,0.0000,0.0000
5,0.1656,0.4306,0.6209,0.0000,0.0000,118.4056,0.0000,0.0000,0.0000,6.6996,0.0000
6,0.1837,0.4304,0.6242,0.0000,27.5508,0.0000,0.0000,0.0000,1.6766,0.0000,0.0000
7,0.1564,0.4345,0.6221,0.0000,0.0000,204.3413,0.0000,0.0000,0.0000,10.8199,0.0000
8,0.1926,0.4501,0.6313,0.0000,0.0000,0.0000,0.0000,0.0000,0.0000,0.0000,0.0000
9,0.1689,0.4298,0.6346,0.0000,0.0000,0.0000,0.0000,0.0000,0.0000,0.0000,0.0000
10,0.1693,0.4275,0.6272,0.0000,31.3847,0.0000,22.9899,0.0000,1.9957,0.0000,0.9365
11,0.1739,0.4176,0.6307,10.6647,29.3013,125.7725,22.4171,1.0104,1.8213,6.8145,0.9257
12,0.1549,0.4190,0.6195,12.0099,0.0000,103.6730,0.0000,1.0469,0.0000,5.8224,0.0000
13,0.1708,0.4374,0.6326,0.0000,0.0000,98.9413,0.0000,0.0000,0.0000,5.4651,0.0000
14,0.1516,0.4235,0.6172,0.0000,0.0000,90.3357,0.0000,0.0000,0.0000,4.9968,0.0000
15,0.1651,0.4233,0.6198,11.7433,0.0000,0.0000,0.0000,1.0744,0.0000,0.0000,0.0000
16,0.1614,0.4090,0.6038,0.0000,0.0000,99.5739,0.0000,0.0000,0.0000,5.5627,0.0000
17,0.1684,0.4313,0.6187,0.0000,0.0000,102.3489,0.0000,0.0000,0.0000,5.6021,0.0000
18,0.1661,0.4340,0.6384,0.0000,0.0000,0.0000,0.0000,0.0000,0.0000,0.0000,0.0000
19,0.1523,0.4257,0.6182,0.0000,0.0000,125.8330,0.0000,0.0000,0.0000,6.9554,0.0000
20,0.1996,0.4297,0.6254,0.0000,0.0000,0.0000,0.0000,0.0000,0.0000,0.0000,0.0000
21,0.2012,0.4418,0.6281,10.6329,0.0000,91.3855,0.0000,0.9866,0.0000,5.2270,0.0000
22,0.1781,0.4357,0.6329,0.0000,25.8660,0.0000,0.0000,0.0000,1.6495,0.0000,0.0000
23,0.1640,0.4262,0.6129,0.0000,24.8640,119.8857,22.1684,0.0000,1.6249,6.8950,0.9299
24,0.2129,0.4408,0.6435,11.9703,0.0000,70.2019,0.0000,1.0420,0.0000,3.8110,0.0000
25,0.1341,0.4070,0.6151,0.0000,0.0000,143.5165,0.0000,0.0000,0.0000,8.0218,0.0000
26,0.1654,0.4212,0.6323,0.0000,30.2323,0.0000,25.6811,0.0000,1.8274,0.0000,1.0182
27,0.1677,0.4272,0.6136,0.0000,28.3344,0.0000,0.0000,0.0000,1.7741,0.0000,0.0000
28,0.1168,0.3823,0.6137,0.0000,0.0000,163.1020,28.6773,0.0000,0.0000,9.0406,1.0532
29,0.1445,0.4157,0.6188,0.0000,0.0000,111.2530,0.0000,0.0000,0.0000,6.1710,0.0000
30,0.1655,0.4273,0.6174,0.0000,0.0000,92.9412,0.0000,0.0000,0.0000,5.2260,0.0000
31,0.1797,0.4310,0.6300,0.0000,0.0000,89.9009,0.0000,0.0000,0.0000,4.9130,0.0000
32,0.1819,0.4128,0.6512,0.0000,0.0000,97.5640,0.0000,0.0000,0.0000,5.3134,0.0000
33,0.1476,0.4126,0.6094,0.0000,0.0000,131.0089,0.0000,0.0000,0.0000,7.2292,0.0000
34,0.1716,0.4373,0.6300,0.0000,0.0000,82.8808,0.0000,0.0000,0.0000,4.5966,0.0000
35,0.1541,0.4128,0.6157,0.0000,0.0000,0.0000,0.0000,0.0000,0.0000,0.0000,0.0000
36,0.1841,0.4354,0.6236,0.0000,0.0000,0.0000,0.0000,0.0000,0.0000,0.0000,0.0000
37,0.1766,0.4152,0.6313,0.0000,0.0000,89.9722,0.0000,0.0000,0.0000,4.8661,0.0000
38,0.1879,0.4188,0.6315,0.0000,0.0000,96.8993,0.0000,0.0000,0.0000,5.2795,0.0000
39,0.1521,0.4073,0.6120,0.0000,0.0000,0.0000,0.0000,0.0000,0.0000,0.0000,0.0000
40,0.1736,0.4213,0.6251,0.0000,0.0000,0.0000,0.0000,0.0000,0.0000,0.0000,0.0000
41,0.1740,0.4183,0.6154,0.0000,0.0000,96.9920,23.1834,0.0000,0.0000,5.6069,0.9215
42,0.1813,0.4187,0.6360,0.0000,0.0000,82.3679,0.0000,0.0000,0.0000,4.3738,0.0000
43,0.1739,0.4432,0.6163,0.0000,0.0000,95.0199,0.0000,0.0000,0.0000,5.2827,0.0000
44,0.1378,0.3848,0.6163,13.3361,0.0000,0.0000,0.0000,1.2180,0.0000,0.0000,0.0000
45,0.1619,0.4188,0.6228,11.5326,0.0000,0.0000,0.0000,1.1140,0.0000,0.0000,0.0000
46,0.1379,0.4423,0.6316,0.0000,25.4398,0.0000,0.0000,0.0000,1.6437,0.0000,0.0000
47,0.1813,0.4349,0.6382,0.0000,0.0000,97.7534,0.0000,0.0000,0.0000,5.2159,0.0000
48,0.1796,0.4154,0.6278,0.0000,0.0000,107.1287,0.0000,0.0000,0.0000,5.8637,0.0000
49,0.1651,0.4169,0.6273,0.0000,0.0000,121.1341,0.0000,0.0000,0.0000,6.9150,0.0000
50,0.1871,0.4363,0.6236,0.0000,31.0713,0.0000,25.0047,0.0000,1.8446,0.0000,0.9616
51,0.1682,0.4409,0.6321,0.0000,0.0000,95.1100,0.0000,0.0000,0.0000,5.2116,0.0000
52,0.1880,0.3973,0.6172,0.0000,0.0000,0.0000,0.0000,0.0000,0.0000,0.0000,0.0000
53,0.2032,0.4523,0.6404,0.0000,0.0000,0.0000,0.0000,0.0000,0.0000,0.0000,0.0000
54,0.1260,0.4218,0.6222,0.0000,0.0000,144.9351,0.0000,0.0000,0.0000,7.7127,0.0000
55,0.1572,0.4185,0.6199,0.0000,0.0000,123.0331,0.0000,0.0000,0.0000,6.7877,0.0000
56,0.1471,0.4113,0.6224,0.0000,0.0000,130.8393,0.0000,0.0000,0.0000,7.3032,0.0000
57,0.1643,0.4259,0.6074,0.0000,0.0000,0.0000,0.0000,0.0000,0.0000,0.0000,0.0000
58,0.1594,0.4292,0.6283,0.0000,0.0000,103.2545,0.0000,0.0000,0.0000,5.6920,0.0000
59,0.1790,0.4337,0.6160,0.0000,0.0000,0.0000,0.0000,0.0000,0.0000,0.0000,0.0000
60,0.1665,0.4318,0.6305,0.0000,0.0000,0.0000,0.0000,0.0000,0.0000,0.0000,0.0000
61,0.1892,0.4215,0.6121,0.0000,0.0000,86.7388,0.0000,0.0000,0.0000,4.9525,0.0000
62,0.1675,0.4135,0.6284,0.0000,0.0000,80.9738,0.0000,0.0000,0.0000,4.4712,0.0000
63,0.1669,0.4319,0.6280,0.0000,0.0000,124.5417,0.0000,0.0000,0.0000,6.6794,0.0000
64,0.1884,0.4217,0.6337,0.0000,0.0000,0.0000,0.0000,0.0000,0.0000,0.0000,0.0000
65,0.1846,0.4094,0.6326,0.0000,0.0000,0.0000,0.0000,0.0000,0.0000,0.0000,0.0000
66,0.1389,0.4188,0.6210,0.0000,0.0000,128.3116,0.0000,0.0000,0.0000,7.6107,0.0000
67,0.1929,0.4418,0.6169,0.0000,0.0000,81.8194,0.0000,0.0000,0.0000,4.5123,0.0000
68,0.1571,0.4471,0.6238,0.0000,0.0000,104.7303,0.0000,0.0000,0.0000,5.9481,0.0000
69,0.1928,0.4394,0.6267,0.0000,33.2147,103.8121,29.5028,0.0000,1.9684,5.6418,1.1830
70,0.1476,0.4231,0.6343,0.0000,33.4630,101.5536,0.0000,0.0000,2.0534,5.6477,0.0000
71,0.1554,0.4208,0.6184,0.0000,29.3729,0.0000,0.0000,0.0000,1.8391,0.0000,0.0000
72,0.1585,0.4000,0.6258,0.0000,0.0000,0.0000,0.0000,0.0000,0.0000,0.0000,0.0000
73,0.1460,0.4282,0.6214,0.0000,0.0000,114.4313,0.0000,0.0000,0.0000,6.3249,0.0000
74,0.1792,0.4430,0.6226,0.0000,0.0000,96.1510,0.0000,0.0000,0.0000,5.2429,0.0000
75,0.1490,0.4079,0.6153,0.0000,0.0000,112.3259,0.0000,0.0000,0.0000,6.2526,0.0000
76,0.2157,0.4425,0.6265,0.0000,0.0000,0.0000,0.0000,0.0000,0.0000,0.0000,0.0000
77,0.1538,0.4236,0.6075,0.0000,0.0000,0.0000,0.0000,0.0000,0.0000,0.0000,0.0000
78,0.1651,0.4265,0.6359,0.0000,0.0000,112.3632,0.0000,0.0000,0.0000,6.2172,0.0000
79,0.1262,0.3866,0.6138,0.0000,0.0000,126.1213,0.0000,0.0000,0.0000,6.9434,0.0000
80,0.1844,0.4321,0.6324,0.0000,0.0000,98.8954,0.0000,0.0000,0.0000,5.4193,0.0000
81,0.1730,0.4083,0.6283,0.0000,0.0000,0.0000,0.0000,0.0000,0.0000,0.0000,0.0000
82,0.1309,0.4169,0.6095,0.0000,0.0000,115.4655,0.0000,0.0000,0.0000,7.3868,0.0000
83,0.1663,0.4209,0.6271,10.9167,0.0000,99.4184,0.0000,1.0334,0.0000,5.4650,0.0000
84,0.2025,0.4447,0.6329,0.0000,0.0000,82.4732,0.0000,0.0000,0.0000,4.6510,0.0000
85,0.1467,0.4195,0.6144,0.0000,0.0000,0.0000,0.0000,0.0000,0.0000,0.0000,0.0000
86,0.1768,0.3997,0.6212,0.0000,0.0000,0.0000,0.0000,0.0000,0.0000,0.0000,0.0000
87,0.1131,0.4025,0.6112,0.0000,0.0000,201.6281,0.0000,0.0000,0.0000,11.1843,0.0000
88,0.1734,0.4096,0.6193,0.0000,27.8700,0.0000,0.0000,0.0000,1.6767,0.0000,0.0000
89,0.2033,0.4462,0.6443,0.0000,0.0000,77.4864,0.0000,0.0000,0.0000,4.2915,0.0000
90,0.1687,0.4188,0.6206,0.0000,0.0000,0.0000,0.0000,0.0000,0.0000,0.0000,0.0000
91,0.1823,0.4522,0.6390,0.0000,23.9602,85.6812,19.6413,0.0000,1.5365,4.6300,0.9030
92,0.1808,0.4341,0.6345,0.0000,0.0000,76.2042,0.0000,0.0000,0.0000,4.2763,0.0000
93,0.1740,0.4535,0.6263,0.0000,0.0000,0.0000,0.0000,0.0000,0.0000,0.0000,0.0000
94,0.1571,0.4256,0.6313,0.0000,0.0000,0.0000,0.0000,0.0000,0.0000,0.0000,0.0000
95,0.2170,0.4599,0.6393,0.0000,0.0000,95.4254,0.0000,0.0000,0.0000,5.3048,0.0000
96,0.1359,0.3940,0.6295,0.0000,0.0000,0.0000,0.0000,0.0000,0.0000,0.0000,0.0000
97,0.1875,0.4387,0.6199,0.0000,0.0000,0.0000,0.0000,0.0000,0.0000,0.0000,0.0000
98,0.1877,0.4474,0.6228,0.0000,0.0000,0.0000,0.0000,0.0000,0.0000,0.0000,0.0000
99,0.1419,0.4007,0.6106,0.0000,0.0000,98.6412,0.0000,0.0000,0.0000,5.4694,0.0000
